2026-08-27,79740.92051581816,69422.98,14.86242814096739
2026-08-28,80260.38874294674,69422.98,15.61069366792775
2026-08-29,77830.12952576322,69733.02,11.611585911184129
2026-08-30,78231.68979441667,69979.57,11.79218419664005
2026-08-31,77675.43987399321,70025.14,10.925076156924796
2026-09-01,78543.61459083238,70038.83,12.142956401231118
2026-09-02,77411.78188925835,70148.64,10.353931151421246
2026-09-03,77318.68390939813,70269.54,10.031578276160811
2026-09-04,81267.34094697649,70393.01,15.4480266534653
2026-09-05,79671.98162206792,70609.87,12.83405793279031
2026-09-06,79817.40707166695,70780.53,12.767461718168757
2026-09-07,80352.67144531789,70868.57,13.38266236403229
2026-09-08,79119.70373851256,70860.03,11.656322666688908
2026-09-09,78440.31573497881,70966.91,10.530831531172492
2026-09-10,78275.57539477592,70955.89,10.31582493683882
2026-09-11,76566.49209034201,71088.01,7.7066190069774345
2026-09-12,77197.33938375245,71168.03,8.471935198645305
2026-09-13,77272.07290904033,71207.8,8.516304265881448
2026-09-14,76821.64257918544,71216.61,7.870400710150963
2026-09-15,78170.62261397998,71208.01,9.7778502923758
2026-09-16,75616.67349391637,71262.19,6.1105103476561275
2026-09-17,76154.36584961727,71295.15,6.8156331105513885
2026-09-18,76406.73347902193,71350.43,7.086577444623584
2026-09-19,80885.07021801965,71422.04,13.249453835286223
2026-09-20,81239.84384042067,71636.24,13.40606910750852
2026-09-21,81147.072775501,71776.19,13.0556982412984
2026-09-22,86603.63292991255,71806.08,20.60766014509154
2026-09-23,86176.27552392155,72158.48,19.426400783278076
2026-09-24,84385.86768430429,72763.08,15.9734685286883
2026-09-25,84379.26489132587,72797.88,15.908959012715576
2026-09-26,84041.23052042315,72875.88,15.321050696640844
2026-09-27,84415.7683781174,72931.6,15.746491751336034
2026-09-28,84447.18251890094,72938.23,15.7790400437479
2026-09-29,83508.08565627698,73033.16,14.342698106280727
2026-09-30,83632.54343287337,73204.94,14.244398578666093
2026-10-01,83573.64411237577,73382.99,13.886943162680836
2026-10-02,84861.64000570412,73467.89,15.508475887498768
2026-10-03,84504.77838777917,73604.8,14.808787453779052
2026-10-04,84743.19495252996,73863.58,14.729336098426254
2026-10-05,86510.8159851209,73896.84,17.069709591263862
2026-10-06,85791.81337610346,73844.91,16.17837082624036
2026-10-07,85550.83545509087,73382.99,16.581288736110185
2026-10-08,83293.54335047308,73467.89,13.374078594707262
2026-10-09,81679.06647518712,73604.8,10.969755335504097
